scaffold_90:1,343,405-1,343,672	0.603846153846	0.509523809524
scaffold_49:3,958,871-3,959,183	0.927813163482	0.797266514806
scaffold_88:670,816-671,296	0.60752688172	0.71511627907
scaffold_85:426,096-431,367	0.641221374046	0.238866396761
scaffold_38:2,033,289-2,033,859	0.827794561934	0.661375661376
scaffold_57:2,274,418-2,275,201	0.321477428181	0.609929078014
scaffold_114:816,524-816,684	1.0	0.549180327869
scaffold_2:11,606,814-11,608,552	0.987654320988	0.411764705882
scaffold_178:805,835-1,207,855	0.769176636172	0.562898089172
scaffold_89:1,089,665-1,094,434	0.875912408759	0.240677966102
scaffold_83:36,310-114,651	0.674418604651	0.338983050847
scaffold_76:3,107,291-3,125,123	0.736842105263	0.720400728597
scaffold_49:2,589,681-2,590,259	0.2	0.650602409639
scaffold_61:11,138-224,264	0.79012345679	0.865168539326
scaffold_80:623,023-1,473,658	0.536585365854	0.633333333333
scaffold_49:3,958,898-3,959,193	0.921225382932	0.792452830189
scaffold_57:2,274,420-2,275,169	0.335607094134	0.621247113164
scaffold_95:852,058-2,427,928	0.6625	0.542168674699
scaffold_57:235,829-236,098	0.921146953405	0.910505836576
scaffold_348:17,830-119,293	0.590604026846	0.69696969697
scaffold_115:2,174,762-2,188,539	0.622754491018	0.453968253968
scaffold_86:820,676-820,980
scaffold_363:137,692-216,753
scaffold_38:2,033,248-2,034,036
scaffold_22:2,808,195-2,873,542
scaffold_301:5,836-393,767
scaffold_153:361,932-1,296,362
scaffold_1:15,011,233-15,015,056
scaffold_7:4,053,893-4,056,212
scaffold_90:1,329,004-1,395,229
scaffold_78:2,294,942-3,057,621
