scaffold_280:257,545-260,024	0.1680327868852459	0.6725888324873096
scaffold_88:670,816-671,296	0.7315436241610739	0.5885416666666666
scaffold_348:17,830-119,293	0.8539325842696629	0.6065573770491803
scaffold_89:1,089,665-1,094,434	0.2049469964664311	0.8623188405797102
scaffold_15:5,841,420-5,841,790	0.22003577817531306	0.6610800744878957
scaffold_49:3,958,898-3,959,193	0.7857142857142857	0.912472647702407
scaffold_280:257,522-259,998	0.18340611353711792	0.6666666666666666
scaffold_85:426,096-431,367	0.21428571428571427	0.6428571428571429
scaffold_117:417,240-1,971,370	0.4387755102040816	0.6727272727272727
scaffold_2:11,606,814-11,608,552	0.3723404255319149	0.9767441860465116
scaffold_90:1,343,420-1,343,687	0.38495575221238937	0.6483050847457628
scaffold_7:3,506,304-3,506,614	0.20084566596194503	0.6259168704156479
scaffold_61:11,138-224,264	0.7894736842105263	0.7621247113163973
scaffold_90:1,343,405-1,343,672	0.39545454545454545	0.6741071428571429
scaffold_113:1,699,606-1,710,533	0.10841423948220065	0.6707317073170732
scaffold_80:623,023-1,473,658	0.6601941747572816	0.5078125
scaffold_57:235,829-236,098	0.94140625	0.8872180451127819
scaffold_49:3,958,871-3,959,183	0.7933491686460807	0.9171974522292994
scaffold_76:3,107,291-3,125,123	0.7174119885823026	0.7508532423208191
scaffold_95:852,058-2,427,928	0.5432098765432098	0.6835443037974683
scaffold_114:816,524-816,684	0.4954128440366973	1.0
scaffold_178:805,835-1,207,855	0.5214940098661028	0.7795053003533569
scaffold_217:104,456-116,072	0.008486562942008486	0.6209523809523809
scaffold_15:5,841,395-5,841,769	0.2292418772563177	0.6704761904761904
scaffold_38:2,033,289-2,033,859	0.6540697674418605	0.8352601156069365
scaffold_271:235,155-235,358	0.09012875536480687	0.6461538461538462
scaffold_83:36,310-114,651	0.39285714285714285	0.6666666666666666
scaffold_348:17,830-119,293
scaffold_298:30,125-419,807
scaffold_82:1,113,209-3,028,988
scaffold_31:4,117,305-4,117,649
scaffold_106:1,725,490-1,763,848
scaffold_158:414,901-417,925
scaffold_73:556,122-556,600
scaffold_88:670,816-671,296
scaffold_348:17,721-264,591
scaffold_120:801,828-886,495
